26.30773	118.29596	30430
30.89707	113.90521	14641
40.56331	124.20086	11759.02
25.95396	117.92431	11112.45
23.36639	103.15333	9143.62
40.72124	123.65214	8551.88
25.08995	117.01184	8499.67
41.7717	123.33706	8442
26.23476	118.25287	7542.4
23.36139	103.1625	7022.33
40.74219	123.67188	6747.12
23.29667	103.20806	6634.25
22.74199	109.87288	5934.2
26.39433	99.39862	4707.99
23.33778	103.12972	4643.72
40.5	123.58333	4620
24.7	108.03333	4382
28.00122	98.63368	4030.12
40.73555	123.62184	3560
40.73555	123.62184	3560
27.64048	113.87058	3307.53
23.32861	103.13639	3284.34
26.43346	99.41192	3271
32.16079	118.96231	3128.87
26.13571	117.7318	3046.84
23.33	103.135	2693.27
24.60939	113.67202	2634.8
26.31311	117.37441	2631.56
32.15643	118.95613	2090.95
23.34417	103.13278	2072.28
25.75537	116.74578	1696.98
26.27987	117.636	1587
26.96125	104.24844	1579.83
36.49418	104.28527	1567.49
31.19959	121.50496	1269
26.27926	117.63531	1219.72
25.63781	100.25965	1190
40.58313	120.05592	1104.8
24.75431	108.03639	1102.76
24.82389	107.57694	1085
24.05148	108.07169	1082.24
29.71667	119.98315	1072.25
23.63823	116.83861	1055.2
31.19489	121.50719	1023.8
31.20223	121.48985	976
26.47849	104.69077	948.27
30.88325	117.8253	940.04
24.59478	113.6706	837.99
31.21856	121.55016	834
27.03222	104.59111	828
25.82709	113.03812	769.4
24.01558	115.48458	761.02
28.86667	113.06667	758.78
31.21985	121.49346	752
23.95174	115.54076	745.13
24.08657	115.45094	736.69
38.49821	102.19652	734.5
34.55068	110.24348	713.36
36.53274	104.22454	709.41
31.23629	121.518	697
30.90369	117.79676	680.23
34.93464	112.94941	660
29.37739	102.64678	657.82
26.97226	104.81074	655
32.15778	118.96858	637.15
27.10009	104.68627	632
24.59484	113.67064	618.74
34.94955	113.15025	607.5
27.13095	104.73193	580.8
36.54991	104.22342	574.31
33.77458	106.08083	562.9
33.74313	106.10961	562.9
24.83473	108.25035	560
28.74802	104.86063	557.11
26.68895	99.52771	545.86
35.03692	113.09564	535
40.58469	120.05618	534.1
22.6476	110.16089	517.31
27.96667	112.85	500.34
22.62403	110.15729	491.1
33.74468	106.10517	490
24.826	107.57879	475.59
28.0944	121.16829	474.67
24.82164	108.25874	470
22.5858	110.14203	469.48
23.32011	116.35426	462
22.73692	110.28615	461.45
23.24639	104.46192	458.24
22.64713	110.15475	455.58
27.13065	104.72506	429
33.70092	106.19859	427
30.92837	114.15257	424.31
31.29029	121.63708	402.93
22.14981	109.55677	399.39
31.02563	114.10409	394
24.9512	108.23099	393
24.56461	110.42559	388
26.42869	105.62246	387.7
34.93711	113.04091	387.5
32.12816	108.04872	385.47
22.59614	110.14871	384.57
30.92491	117.76384	381.47
26.43369	99.41192	376.72
24.78892	108.22489	368
38.79136	110.39465	357.47
23.08479	113.14229	355.16
37.43561	106.0616	352.4
36.07	120.405	350
36.08	120.373	350
25.49566	118.2479	341
26.70805	104.66502	337
30.9411	117.81596	331.91
36.5455	104.13999	331.21
24.83473	108.25035	325
30.90778	117.78484	314.32
41.77746	110.02375	313.8
30.93553	117.75925	306.09
34.9352	113.08717	304.7
30.94496	117.75356	302
34.96616	113.17223	297.5
29.07418	102.34156	293.25
24.19812	109.43677	289.04
24.92995	118.64203	280.8
30.96618	117.74733	278.03
25.54988	118.2509	278
37.33194	117.15222	275.06
34.9843	112.99602	274.5
30.95557	117.75127	272.96
22.76605	99.42744	272
26.21521	101.94898	271.72
34.95237	113.13214	267.5
34.95237	113.13214	267.5
22.90274	113.84092	265.43
40.80725	120.55709	263.97
36.16611	117.15306	253
35.00293	113.11069	251.3
28.50928	121.41589	248.95
30.0988	114.97996	245.64
31.44272	121.40145	242.24
33.95561	106.81233	241.08
36.35222	116.92083	240.19
39.82796	118.55482	240
25.59091	114.52739	239.5
31.2809	121.48363	232.97
29.01407	117.73279	229
26.79833	104.39336	228.39
31.20296	121.49552	224.7
24.9512	108.23099	222
25.04704	108.24515	222
26.0557	119.31544	222
24.20376	109.43815	220.54
25.99014	117.38024	219
27.12851	104.83874	216.77
30.96142	113.9222	216.54
26.05925	119.32583	209.1
27.83908	113.17484	208.5
42.03425	124.52998	207
27.86306	112.90679	201.16
24.55	110.38333	198.95
45.87491	127.83716	193.72
45.94139	128.05365	193.72
31.24099	121.49187	191.91
23.95	109.3	191.5
30.89795	117.80879	190.37
23.17066	113.26314	187.01
30.94375	114.06069	186.34
24.56461	110.42559	186.08
42.05235	127.78737	186
41.63472	123.07639	179.27
24.32989	109.40695	178.78
24.61245	110.4373	178.78
40.75	120.85	178.1
40.75	120.85	178.1
45.76115	126.61125	176.11
46.53773	125.19021	176.11
27.06065	104.67803	173.8
24.19875	109.43677	172.72
26.0776	119.17049	171.88
26.0776	119.17049	171.88
22.91286	104.52176	169.33
31.28706	104.46933	165.6
31.07087	113.94306	164.55
34.91662	113.00297	163.8
30.80732	113.9446	163.58
46.02248	128.28332	159.55
23.4	108.33333	158.44
26.06534	119.17633	157.19
26.06072	119.18448	157.19
25.99724	119.41296	156.23
22.90306	104.52525	155.8
24.94925	118.67139	155.7
31.33253	121.657	155.44
30.85913	113.97937	155.43
26.60081	112.59191	154.75
25.46126	114.33882	151.9
30.97577	113.99301	151.86
30.78933	114.02082	151.85
25.97734	119.22388	150.58
31.15736	104.06326	150.08
25.3994	114.3625	149.7
30.91918	117.77522	149.63
30.04592	101.96271	149.3
25.99304	119.36907	149.26
34.81719	114.32648	148.67
25.93196	119.38678	148.47
25.93157	119.3873	148.44
26.01066	119.35425	148.08
28.49645	121.4025	147.3
26.01853	119.45275	147.11
25.99377	119.36876	147.11
25.98351	119.34902	147.1
26.39187	119.54971	147.1
26.05894	119.3745	146.95
26.0776	119.17032	146.8
26.07714	119.27296	145.4
22.81669	113.67286	144.9
25.80414	118.92673	142.73
26.06326	119.21229	142.73
25.99892	119.29691	142.68
25.99896	119.29693	142.68
45.7818	126.65639	142.36
42.02966	124.52929	142
18.63161	109.11444	141.27
26.08431	119.19238	140.18
25.19127	116.41308	139.92
36.9519	117.17709	139.25
43.82066	126.55385	139
28.26251	112.96157	138.9
28.49132	121.43904	138.46
25.44994	118.2957	138
23.60513	113.07737	137.53
25.9989	119.2971	137
24.94719	118.66637	136.9
26.0611	119.27502	136.71
45.69863	126.6242	136.45
26.12932	119.31185	135.98
25.98922	119.41785	135.76
25.98922	119.41785	135.76
26.03616	119.29712	135.52
26.09286	119.33194	134.87
27.88498	107.83157	134.2
28.55211	108.1615	134.18
39.03092	117.00398	133.71
22.53793	114.05103	133.34
26.03614	119.29704	132.44
26.0365	119.29731	132.44
27.09825	104.46192	132
25.80383	118.92682	131.98
25.80383	118.92682	131.98
28.49374	121.42531	130.5
26.06534	119.17633	130.01
26.04306	119.37588	130.01
26.07328	119.35271	130.01
28.18529	107.67982	128.1
29.93333	119.95	127.5
26.15089	119.30002	127.32
26.15089	119.30002	127.32
27.97144	107.82951	127.3
25.0234	118.37725	127
26.00087	119.46477	126.9
26.00087	119.46477	126.9
28.4788	121.42671	126.35
26.14286	119.30579	125.8
26.14273	119.30568	125.8
45.76459	126.6157	125.38
23.0235	113.12063	125.14
18.85301	109.307	125.11
25.97718	119.22371	124.77
26.11992	119.31984	123.94
30.00421	114.83047	122.18
26.03333	110.58333	122.02
31.87628	117.21875	120.83
26.08438	119.3443	120.47
40.26029	124.27502	120
31.87814	117.21567	119.83
26.09063	119.30053	119.71
34.54955	110.24485	119.7
28.27294	112.91982	119.6
34.39246	108.96475	118.98
45.73938	126.64796	118.34
46.45122	125.20927	118.34
26.9086	104.87254	118.1
26.00951	119.69337	117.77
19.16536	108.88111	117.38
26.02885	119.41859	116.6
26.01853	119.45275	116.6
26.01267	119.67818	116.4
28.21188	112.91308	116.4
26.73687	99.15392	116.38
30.99976	114.01859	115.93
28.03805	107.73976	115.9
25.89722	119.37863	115.42
26.14188	119.32335	114.93
26.14188	119.32335	114.93
26.00812	119.40781	114.37
34.17979	108.91184	114.15
45.77267	126.73534	113.16
19.32945	108.952	113.12
26.0028	119.66615	113.03
23.09821	113.33306	111.8
26.0436	119.18783	111.71
27.12324	104.72948	111.7
40.81076	120.55391	111.5
36.18723	120.42771	111.12
41.06486	123.06777	111.06
23.09426	113.65724	110.41
34.92915	113.05927	110.3
24.78892	108.22489	110
38.51171	102.22803	110
25.98351	119.34936	109.68
23.10113	113.81285	109.3
25.99014	117.35002	109
45.77212	126.73004	108.25
26.09032	119.3679	108.21
36.74308	117.17497	107.94
22.76605	113.95138	107.9
34.89107	112.9967	107.5
25.96082	111.04411	107.32
36.58278	116.98639	106.78
28.7478	116.32794	106.5
26.58423	106.71285	106
37.97127	112.46093	105.9
45.72799	126.60127	105.8
43.61327	87.34989	105.57
26.60326	106.62316	105.47
27.80773	113.351	105.3
26.04553	119.20575	105.24
26.08423	119.18927	105.24
26.02918	119.24901	105.21
23.0746	114.02194	105.16
26.01992	119.65568	105.1
35.03239	113.12296	105
22.94954	112.04661	104.11
30.06909	106.44489	103.67
46.57379	125.17787	103.57
19.44579	109.26932	103.53
41.80101	109.97706	103.1
27.78905	107.67956	102.2
27.97136	107.71604	101.9
28.02736	112.98433	101.8
45.77704	126.6418	101.55
31.27855	121.54131	101.24
45.68566	126.61784	101.24
30.96658	117.73202	101.04
26.61186	105.88562	100.7
22.81614	114.1003	100.45
24.44754	117.8172	100
34.94393	113.07884	99.5
18.69528	109.20598	99.29
23.87297	106.60029	99.07
26.12069	119.20251	99.06
19.37399	109.10792	99.04
28.23725	113.27787	98.75
23.0363	113.76136	98.67
29.54629	112.90649	98.2
29.7	120.26667	97.49
30.59618	117.51121	97
26.13571	119.32756	96.8
31.27855	121.48088	96.6
31.12938	121.37811	96.59
27.84636	112.9469	96.2
27.1447	104.34499	96
26.10797	119.36017	95.8
31.87548	117.23371	95.67
18.56783	109.09199	95.14
28.48589	121.44213	95.13
22.85245	108.26884	95.08
28.46416	121.26124	95
24.9382	118.65525	94.82
27.67137	117.75927	94.72
28.46839	121.44456	94.7
26.14065	119.3413	94.4
26.13941	119.25168	94.11
26.04568	119.33407	93.3
30.83032	104.15842	92.82
30.83032	104.15842	92.82
30.83032	104.1598	92.82
30.81499	108.40718	92.82
28.8567	108.76149	91.91
29.0155	117.71951	91.9
35.03239	113.12296	91.7
24.97688	118.38686	91.6
28.1635	112.93017	91.5
45.94708	127.49201	91.21
45.95833	127.19681	91.21
31.22102	121.49346	91.17
36.26128	120.34594	90.98
26.06126	119.18431	90.77
45.73195	126.65621	90.73
46.56476	125.20429	90.73
31.21867	121.50593	90.67
34.958	112.93988	90
31.88279	117.2259	89.83
31.88348	117.22908	89.57
26.09009	119.30392	89.5
26.82698	106.98271	89.47
35.77734	114.42384	89.46
28.18923	108.22107	88.99
26.05925	119.27365	88.9
26.05802	119.28944	88.9
25.93589	104.95144	88.8
36.06131	103.82482	88.44
29.60481	105.03641	88.25
26.04121	119.60385	87.62
29.60831	105.02963	87.6
28.38491	121.36261	87.55
30.98114	104.28065	86.88
25.9362	119.25975	86.44
27.14715	104.83693	86.4
45.72377	126.66013	86.34
22.60625	113.84852	86.3
27.76667	113.15	86.21
26.02846	119.26794	86.12
31.02602	103.6723	85.98
27.98713	107.72565	85.8
23.10137	108.30132	85.74
28.54645	121.43273	85.7
22.84707	108.26436	85.66
26.12986	119.31731	84.83
22.90266	113.84126	84.78
22.90266	113.84126	84.78
45.7757	126.64725	84.63
31.33722	121.47424	84.55
40.21664	90.9668	84.54
26.04846	119.20538	84.42
27.95885	120.57477	84.29
29.30556	108.16274	84.19
26.93248	104.66733	84
28.19744	112.98101	84
30.2033	115.03901	84
28.32675	117.21286	84
31.8765	117.23618	83.56
28.21939	112.94941	83
31.17525	121.49295	82.98
34.15095	109.17774	82.97
27.95	112.85	82.56
34.29771	108.00529	82.36
30.6395	116.9577	82.26
23.06552	113.35688	82.02
25.93667	119.25984	81.53
22.83315	113.28669	81
37.69394	112.53243	80.98
27.15203	119.64342	80.45
25.59285	119.00947	80.3
34.98043	112.9095	80
39.5391	118.66467	80
29.93612	114.70921	79.88
28.24603	113.00029	79.8
28.24603	113.00029	79.8
45.75938	126.66822	79.62
41.75415	123.28029	79.55
27.65373	117.9546	79.42
26.3205	107.5118	79.09
26.12311	119.19376	79.05
26.13171	119.18378	79.05
26.0173	119.62939	78.96
26.12431	119.25139	78.78
45.74153	126.6241	78.67
30.95877	117.81179	78.6
24.57655	102.66525	78.46
30.98232	104.28065	78.45
25.67015	116.43009	78.39
45.79009	126.69526	78.32
28.03259	107.79402	78.3
36.08129	103.7274	78.26
36.08119	103.72741	78.26
45.75303	126.61021	78.09
36.64861	116.08525	77.72
26.11629	119.29293	77.6
35.30744	113.90616	77.48
27.8428	112.73817	77.37
29.26581	112.67062	77.36
41.77195	123.29402	77.3
43.18615	128.08852	77.26
25.9315	111.06932	77.16
31.39936	118.38847	77
34.53145	109.77223	77
31.40288	118.38709	77
34.89945	108.94513	77
27.08847	104.89461	76.6
39.08637	117.31593	76.37
32.70469	116.59711	75.8
45.76847	126.73077	75.56
26.0739	119.36452	75.35
27.15692	104.89118	75.3
27.19319	107.73733	75.3
27.35225	104.27358	75.2
29.21676	112.64521	75.19
35.29846	113.88454	75.13
27.99607	107.59107	75.1
24.63087	118.04139	74.9
45.74573	126.6033	74.87
23.19907	106.35379	74.74
34.90647	114.33069	74.4
27.74872	107.88762	74.3
27.88218	107.58352	73.82
27.05569	106.97644	73.58
27.99296	120.57356	73.5
26.07775	119.28933	73.47
22.42626	113.71083	73.41
43.86622	125.3481	73
26.87768	104.21046	72.95
26.20227	119.1408	72.9
25.88788	110.95701	72.89
36.50222	117.15417	72.87
23.12049	113.33996	72.82
29.59592	120.8217	72.8
23.03796	113.19693	72.73
26.8302	106.84795	72.63
26.12271	119.1938	72.45
31.87269	117.22348	71.86
31.86181	117.21607	71.82
29.18574	112.67558	71.32
22.71412	114.2323	71.2
26.04938	119.14662	71.1
26.1129	119.38695	71.1
31.88425	117.22483	71.08
23.1271	113.2643	70.99
27.92268	107.71501	70.9
27.18899	104.72818	70.8
30.57882	104.06641	70.7
27.959	120.61348	70.66
24.52151	117.65042	70.58
24.51589	117.71565	70.2
26.20543	119.07693	70.2
36.59789	104.6824	69.72
23.35207	112.28456	69.6
40.58573	109.84164	69.5
28.57028	112.93832	69.39
26.56266	105.79447	69.23
29.16895	107.09706	69.23
23.08226	113.74104	69.2
26.0515	119.57547	68.85
45.75784	126.60061	68.45
27.11292	106.96523	68.41
23.15362	113.28977	68.34
45.79887	126.71216	68.22
26.45398	99.41886	68.2
45.71385	126.70374	68.13
23.10375	113.35376	68.1
27.64012	106.67655	67.97
26.8194	106.22903	67.94
29.46613	105.77112	67.91
28.58844	113.21367	67.7
22.36024	112.79581	67.67
25.88333	110.93333	67.52
25.95897	111.04514	67.52
31.83673	117.30494	67.5
35.33099	113.91123	67.42
27.67106	107.56215	67.22
45.75519	126.69201	67.19
25.32828	114.18356	67.05
34.29265	108.94426	67
30.80083	103.89887	66.94
36.13011	103.67822	66.91
30.88978	117.81557	66.77
26.11414	119.26336	66.72
26.11437	119.26345	66.72
23.09237	113.75478	66.69
26.13248	119.31287	66.55
26.12724	119.184	66.47
30.54334	117.26511	66.4
28.21585	121.2936	66.03
34.89438	113.74214	66.01
30.55598	114.58456	65.97
26.20966	119.11608	65.9
45.68364	126.64656	65.84
31.86943	117.22774	65.83
24.95739	118.68092	65.55
18.75104	109.25061	65.52
30.9988	103.95772	65.4
28.19483	121.30647	65.36
24.46754	117.67901	65.2
26.74507	105.73653	65.07
24.93571	118.64478	65.06
28.58746	102.49942	65
43.87306	124.94583	65
28.7213	102.52938	65
27.85947	112.96323	65
45.74525	126.64965	64.89
31.00351	103.64186	64.81
28.225	112.95848	64.4
26.82721	104.29629	64.36
27.32176	104.82526	64.32
28.18476	113.06733	64.3
28.18352	121.28466	64.29
31.86582	117.21648	64.28
45.70939	126.68775	64.23
27.76915	107.4764	64.09
30.62875	117.41774	64
41.78506	123.23991	63.94
26.82683	106.98219	63.9
24.52214	117.71016	63.8
26.46965	99.15589	63.74
22.68605	113.95894	63.4
22.65364	114.0166	63.3
45.7402	126.66616	63.25
23.21106	112.89784	63.21
30.00965	108.1133	62.94
29.3013	112.48437	62.86
31.87993	117.2283	62.86
28.38642	106.80641	62.63
31.87865	117.23126	62.58
30.421	114.83047	62.53
36.13226	103.67385	62.28
28.18575	113.10346	62.2
45.71385	126.67844	62.13
24.88644	118.67421	62.1
26.62414	106.72178	62
29.43332	112.6047	61.84
28.16691	121.35145	61.57
24.9761	118.6574	61.5
34.88241	113.64249	61.5
27.76885	107.47683	61.46
45.76645	126.6533	61.43
28.14761	107.53975	61.43
27.63313	120.32397	61.4
25.48171	119.01055	61.32
46.06946	129.34242	61.29
29.53807	105.08997	61.2
25.12788	116.08934	61.1
26.44475	106.66743	61.05
40.79276	120.54576	60.97
45.76521	126.59714	60.92
24.65626	118.62629	60.86
26.65893	106.55227	60.8
24.42715	117.30608	60.7
27.87148	107.58403	60.56
27.0511	106.98331	60.5
24.52526	117.64973	60.4
27.14715	104.83693	60.4
28.25843	116.81719	60.4
27.61077	107.3868	60.39
30.7352	115.97801	60.32
37.59295	112.47896	60.3
39.01918	106.37196	60.3
29.86208	107.07784	60.15
34.90113	114.302	60
36.85737	116.6442	60
36.96416	116.70206	60
37.00146	116.49744	60
37.04175	116.60918	60
38.93912	117.35712	59.9
45.77282	126.64541	59.76
30.67808	104.05965	59.73
25.14031	117.0479	59.7
27.13882	107.92993	59.7
31.86765	117.24039	59.67
29.0146	117.72569	59.6
37.81684	120.87639	59.6
45.72344	126.71071	59.56
45.74405	126.6088	59.55
37.59322	112.47154	59.52
30.41256	103.81109	59.33
45.74778	126.64736	59.29
46.55514	125.06963	59.29
32.63128	110.79702	59.21
45.78946	126.66661	59.02
27.11415	106.73609	58.93
19.26152	109.05141	58.9
28.05085	107.58275	58.89
35.29877	113.89037	58.86
23.16309	113.35448	58.86
23.98625	117.34612	58.81
27.23387	104.59729	58.8
28.45662	109.00319	58.8
22.59973	113.84207	58.7
45.71002	126.59261	58.54
34.83162	113.63428	58.46
34.83764	113.605	58.46
34.99636	113.71331	58.46
35.04846	113.64703	58.46
42.78576	129.40572	58.4
36.64861	116.08525	58.37
22.98977	113.11539	58.03
31.37474	118.42692	57.9
24.42715	117.90585	57.8
26.57233	105.53878	57.79
27.11781	106.96248	57.64
34.77884	113.73802	57.58
24.61651	117.99573	57.5
27.11781	106.96248	57.5
28.12718	121.2239	57.41
29.98468	103.01252	57.35
30.28494	120.06957	57.27
27.9	113.1	57.08
26.74262	105.60933	57.05
45.56426	128.18572	57.04
45.58224	127.85215	57.04
45.60474	128.54586	57.04
45.61043	128.12225	57.04
45.6116	128.3407	57.04
45.6116	128.99603	57.04
45.63177	129.61152	57.04
45.6385	128.54586	57.04
45.63966	129.25285	57.04
45.65544	129.40635	57.04
45.65764	128.98275	57.04
45.66786	128.0455	57.04
45.68027	128.50748	57.04
45.68919	128.23738	57.04
45.69708	128.70084	57.04
45.70161	129.08607	57.04
45.72528	128.37907	57.04
45.732	127.85215	57.04
45.73653	128.07059	57.04
45.74662	128.71264	57.04
45.75787	128.95766	57.04
45.76809	127.82706	57.04
45.77585	128.27576	57.04
45.78374	127.76211	57.04
45.81193	128.2241	57.04
45.94475	127.05512	57.04
28.57947	102.51153	57
45.70618	126.69286	56.89
31.88942	117.23251	56.83
28.26221	112.94595	56.8
23.06007	113.05179	56.73
35.31621	113.88196	56.64
40.66378	109.83486	56.6
28.16585	107.59794	56.51
26.5992	105.95763	56.37
45.76968	126.62627	56.36
28.87249	119.82933	56.33
41.76613	123.18943	56.31
36.71861	117.09444	56.29
27.90956	113.17316	56.15
25.35147	117.43517	56
25.40855	118.68212	55.95
29.54516	112.90683	55.95
35.03189	113.14931	55.9
28.50083	121.36243	55.83
22.42626	113.71083	55.8
25.51332	112.40033	55.68
34.52721	119.13933	55.6
23.74589	113.78445	55.57
26.0436	119.18783	55.33
25.96098	119.46134	55.33
24.42715	117.90585	55.3
27.13882	107.92993	55.3
26.31573	107.81535	55.3
36.7463	117.12234	55.21
22.72632	114.28989	55.2
31.88144	117.21882	55.18
43.98855	87.55511	55.13
28.56538	119.80778	55.01
34.9162	113.07335	55
29.05137	117.59128	55
29.32592	112.70151	55
45.74857	126.58039	54.93
27.29125	104.47428	54.9
26.82974	106.84735	54.8
45.71463	126.66617	54.78
27.88187	106.6635	54.7
26.10057	119.32042	54.33
26.10057	119.32042	54.33
26.63733	105.76992	54.19
29.52567	106.56179	53.97
28.90781	116.43099	53.79
28.36844	121.37135	53.75
41.85518	123.2847	53.74
31.16816	108.3907	53.42
25.12788	116.08934	53.3
24.59712	117.99031	53.3
45.79482	126.69364	53.26
30.08113	114.93757	53.18
37.73597	112.59455	53.1
30.9988	103.95772	53.06
36.4478	119.33054	53
28.46522	102.72834	53
34.06226	119.25409	53
31.31178	118.40625	53
31.34074	118.37611	53
31.34425	118.37336	53
27.88333	113.1	52.71
30.4392	120.05975	52.6
22.86985	113.29335	52.58
45.79389	126.65271	52.52
41.75236	123.62081	52.5
27.95878	112.72109	52.5
31.24671	104.05794	52.46
45.76859	126.70832	52.45
18.35941	109.17156	52.45
27.17983	119.61534	52.38
26.68673	106.75923	52.1
30.51613	114.14888	51.94
45.79537	126.66863	51.81
30.68516	103.85218	51.74
23.03796	113.19693	51.73
18.35854	109.18153	51.71
45.75842	126.7087	51.69
31.37005	119.82629	51.68
34.27068	108.95905	51.61
30.68044	107.79902	51.6
30.19262	121.49605	51.6
34.37405	117.15466	51.49
27.2351	104.71785	51.4
28.50083	121.36235	51.4
34.45071	107.12931	51.35
29.83099	106.41673	51.32
30.06909	106.44489	51.32
38.5248	102.16494	51.3
45.70769	126.69693	51.25
37.58703	112.58645	51.21
30.6769	117.45859	51.2
22.73661	114.09022	51.2
27.83968	113.12955	51.1
30.632	117.51996	51
30.42551	120.14158	51
27.86268	107.48911	50.91
23.19339	113.06147	50.89
23.11873	113.18706	50.82
36.09128	103.62696	50.81
26.83303	106.88683	50.72
27.78333	112.96667	50.72
45.75363	126.60154	50.69
31.87335	117.23951	50.67
36.7322	117.22739	50.56
39.31358	106.77259	50.52
31.87765	117.22356	50.49
43.8447	126.55149	50.47
30.66981	117.31867	50.4
22.75307	114.05589	50.4
35.2822	113.34578	50.37
34.73456	113.52207	50.3
22.85466	113.52681	50.24
45.71202	126.67368	50.23
46.76997	131.50552	50.18
45.76878	126.61665	50.18
37.57111	112.40987	50.12
27.6367	117.9443	50.12
28.59779	121.36517	50.1
28.52994	102.51007	50
34.91667	114.28028	50
29.32712	107.75899	49.99
28.58188	121.48543	49.93
28.26115	117.04642	49.9
25.77269	119.37426	49.9
45.77315	126.63433	49.87
28.18401	113.1066	49.8
26.57556	105.81884	49.77
29.52687	106.56247	49.73
26.71249	106.61936	49.61
25.13534	116.42717	49.6
34.75008	113.62541	49.5
28.11204	112.93524	49.44
32.82306	116.82566	49.4
30.64515	117.30728	49.4
28.24572	113.00055	49.37
29.5477	112.90657	49.32
29.5477	112.90657	49.32
26.61063	106.46809	49.3
30.33021	120.13462	49.3
28.24276	113.08405	49.3
29.15516	112.43879	49.26
36.06908	103.78626	49.2
27.8075	106.93776	49.2
37.52498	112.40866	49.18
34.5009	109.48679	49.02
28.63953	102.51445	49
31.73868	104.70961	49
39.88274	116.16443	49
23.73758	117.17699	48.94
26.7381	105.80717	48.83
27.67045	117.96807	48.74
43.84121	126.56588	48.74
39.20273	117.2726	48.7
29.3925	106.52839	48.7
24.65642	118.62423	48.66
31.4179	112.61929	48.65
36.06985	103.67531	48.57
18.41008	109.30897	48.44
24.97859	118.68212	48.4
39.60569	118.16568	48.39
28.16888	107.60343	48.34
36.07651	103.70651	48.33
31.40991	109.56624	48.02
41.71335	123.7572	48
34.72638	113.63915	47.97
34.72638	113.63915	47.97
45.72152	126.67849	47.96
40.71187	120.83567	47.96
29.57495	106.5563	47.9
27.98728	120.62436	47.9
26.80331	106.31288	47.85
27.76968	107.79166	47.81
22.73692	113.96098	47.8
29.70662	113.00553	47.79
31.87758	117.2315	47.69
24.01472	117.22419	47.64
29.89781	121.53878	47.54
36.85459	120.34717	47.45
38.78835	115.49515	47.4
36.67434	114.69066	47.34
43.86622	125.37381	47.33
44.992	124.73307	47
26.57318	112.60466	46.98
30.30769	108.0366	46.9
23.05194	113.12464	46.82
45.72823	126.58162	46.68
18.90509	109.67861	46.57
29.01542	116.51	46.49
30.13286	118.13	46.44
27.68292	117.98095	46.38
30.41841	120.13607	46.33
29.14002	113.11359	46.2
34.72229	113.7497	46.18
30.5	120.35833	46.14
36.22837	120.34778	46.11
39.22162	117.13328	46.1
28.87113	112.34873	46.03
28.59236	102.51213	46
27.30818	107.73767	46
22.69508	114.08743	46
23.13333	109.61667	45.9
30.08573	114.94837	45.88
45.68532	126.61875	45.82
46.63441	124.88965	45.82
36.10571	103.71907	45.81
26.6094	105.96553	45.79
45.81349	126.6215	45.7
26.46942	106.02853	45.7
40.65627	109.87457	45.68
31.64293	121.56611	45.61
29.54598	106.45869	45.61
18.3089	109.32734	45.6
36.71109	114.77451	45.58
45.69891	126.6929	45.54
34.77997	112.13745	45.54
27.23632	104.71888	45.5
29.28191	116.00012	45.48
28.02108	107.72878	45.4
29.55263	106.54866	45.24
34.76023	113.67622	45.17
34.75572	113.67966	45.17
28.81655	112.39217	45.05
22.61148	114.05141	45
38.8832	115.33238	45
28.52828	113.37486	45
26.98817	119.36898	44.99
29.54479	106.45594	44.97
27.64172	117.93117	44.92
34.16636	108.90706	44.89
24.75806	118.14538	44.8
30.26667	120.2	44.76
38.98517	117.18034	44.7
36.05282	103.7111	44.69
27.57288	107.43375	44.55
31.31141	119.8565	44.55
26.66725	105.72202	44.55
27.21701	119.53621	44.51
36.28196	120.3478	44.45
22.78085	113.89568	44.3
28.65452	102.53616	44
28.49351	102.54114	44
27.9	112.93333	43.98
38.49391	102.29154	43.9
29.54001	108.76424	43.89
27.28881	104.76072	43.87
27.78333	112.98333	43.82
30.77849	106.22542	43.8
22.98423	113.01077	43.67
29.02109	116.51026	43.61
29.84541	121.54153	43.6
34.25365	108.98377	43.59
35.20972	107.79765	43.53
33.92841	116.44049	43.5
45.7443	126.57993	43.49
45.7956	126.66231	43.41
28.59899	121.48402	43.39
18.84131	109.5225	43.38
25.95311	107.53336	43.3
40.6671	122.23516	43.3
35.18167	109.59116	43.26
35.12103	109.1009	43.26
26.73779	107.19512	43.2
39.85757	116.46253	43.16
30.84793	116.36014	43.15
34.86664	113.53237	43.1
26.18756	117.22076	43
41.74066	123.45075	43
34.3454	119.77463	42.88
28.09947	107.54687	42.86
30.07281	120.93328	42.8
50.23491	125.8298	42.8
36.7465	117.16335	42.77
28.12771	112.96397	42.76
27.21685	119.55029	42.66
34.35863	119.78177	42.6
26.58031	107.23633	42.6
29.51432	112.85563	42.51
29.0714	117.67712	42.5
31.34689	118.3845	42.45
30.729	106.00355	42.4
26.22429	107.0729	42.4
29.0263	116.499	42.37
23.20696	113.26281	42.36
39.15888	117.07036	42.3
43.20918	81.12305	42.3
41.77746	123.48731	42.2
22.66083	113.91808	42.2
39.03653	117.15533	42.19
22.543	113.39381	42.18
27.67861	111.46306	42.16
23.00644	113.07643	42.16
45.79482	126.64762	42.09
31.44763	118.36102	42
29.01505	117.70148	42
34.9091	114.20582	42
36.0919	103.65617	41.97
28.08333	112.95	41.97
31.88022	117.22708	41.92
40.67081	109.92956	41.9
29.01294	117.57799	41.87
34.958	107.31271	41.83
27.38152	120.21196	41.73
30.82059	116.21285	41.73
29.28715	120.02596	41.7
34.83128	113.58061	41.7
23.40277	116.6689	41.6
31.87827	117.23536	41.56
28.57879	121.47685	41.54
23.11667	108.48333	41.42
30.65002	117.30647	41.4
35.20364	107.87464	41.3
29.28251	116.00115	41.29
27.31047	119.82607	41.29
45.73674	126.69149	41.25
39.41655	116.91499	41.25
23.42041	116.68263	41.23
34.39135	119.84972	41.22
34.35887	119.78193	41.18
24.9	106.68333	41.03
27.41909	106.77062	41.03
34.35562	119.78793	41.03
27.68535	117.98481	41.01
28.46416	102.6279	41
30.38539	120.17583	41
30.39996	120.16245	41
27.42694	101.50731	41
27.45878	101.56893	41
43.90779	125.32613	40.9
30.5043	114.34412	40.88
26.48532	106.9723	40.8
46.49981	125.02294	40.77
27.64666	117.96793	40.75
29.01054	112.83488	40.74
34.41668	119.4505	40.58
41.85141	123.88934	40.56
27.50667	106.75259	40.55
28.72386	115.9157	40.5
28.72326	115.91682	40.5
31.37548	104.02498	40.5
36.1211	103.69676	40.47
29.07305	117.67489	40.4
29.86208	107.07784	40.4
38.47792	112.75094	40.4
34.77602	113.54576	40.37
34.75064	113.61305	40.37
30.27508	109.48758	40.32
30.27508	109.48758	40.32
22.71786	114.09793	40.3
29.40282	106.54024	40.27
31.20869	121.50113	40.24
43.88602	126.57307	40.23
30.06349	103.10467	40.2
34.47189	118.96587	40.2
30.79486	106.36309	40.2
27.15616	119.58419	40.14
28.13755	120.29426	40.1
42.03552	121.68103	40
28.44651	102.67983	40
28.47209	102.64345	40
27.46122	101.47641	40
38.83652	115.47984	40
38.76591	115.60878	40
24.75057	118.15499	39.8
30.74161	105.93746	39.8
23.08731	113.12856	39.8
32.57604	116.90757	39.76
22.63699	114.01248	39.6
45.78081	126.65501	39.5
30.94278	117.76306	39.4
34.31856	108.90248	39.4
28.51689	121.4438	39.38
28.33823	117.23697	39.33
27.34249	106.92674	39.32
45.72703	126.76055	39.31
36.76222	117.03278	39.22
27.64096	102.90995	39.21
31.88109	117.2374	39.21
43.83403	125.28798	39.2
23.27634	113.57389	39.11
27.7453	115.39549	39.1
26.43492	106.66331	39.1
40.73568	120.8937	39.1
28.58656	121.49444	38.93
29.80967	106.39826	38.91
22.66788	113.94725	38.9
23.12434	113.00742	38.86
26.03334	119.31469	38.86
28.06667	113.05	38.83
30.80083	103.89887	38.82
30.42425	120.16518	38.8
29.0161	117.68809	38.8
24.8179	118.5505	38.8
27.05355	109.39609	38.8
26.71249	106.61936	38.8
30.31667	120.2	38.66
27.78016	107.50043	38.6
31.7562	110.6786	38.58
30.40264	120.176	38.57
26.58431	106.57595	38.5
34.41859	119.41511	38.4
29.01655	117.71007	38.4
29.02826	117.71433	38.4
38.52238	102.18786	38.39
36.31153	120.39677	38.38
36.30129	120.42561	38.38
45.78836	126.63764	38.31
30.74036	106.09427	38.3
43.96436	126.49353	38.3
26.64209	107.26861	38.27
40.37192	113.75603	38.25
40.58819	109.82486	38.24
34.30637	120.03408	38.21
34.30637	120.03408	38.21
27.58376	106.81966	38.2
38.23683	106.57003	38.2
29.02675	116.49754	38.16
40.86472	111.7486	38.1
34.26293	108.99624	38.08
40.04864	113.60097	38.02
28.51478	102.65022	38
26.425	117.46289	38
38.84374	115.52947	38
29.73338	106.62465	37.97
26.32781	107.11488	37.97
18.75836	110.20161	37.93
37.37773	112.54702	37.9
27.40835	104.43837	37.8
28.18976	112.93151	37.77
27.58742	110.0004	37.77
28.50422	121.48509	37.74
30.96	117.76278	37.6
27.72973	111.43412	37.6
45.83236	126.72377	37.56
34.30261	117.18281	37.51
41.85646	123.57798	37.5
38.50875	102.22116	37.49
42.50112	123.42118	37.4
26.21213	106.64113	37.37
27.09015	119.62797	37.28
29.03216	106.65212	37.27
28.71761	106.91584	37.25
39.9441	116.14023	37.22
36.4089	120.3469	37.21
30.37199	120.22071	37.2
43.8336	126.54094	37.2
45.76567	126.68565	37.18
27.89652	120.63854	37.17
33.65864	116.96378	37.11
30.13243	121.24253	37.1
18.28372	109.57857	37.09
19.4466	109.26923	37.03
31.8414	117.22666	37
27.59069	101.55889	37
43.91372	126.56209	36.96
37.3619	112.53973	36.85
36.06643	103.78589	36.82
36.23213	120.34836	36.76
31.34748	118.38587	36.74
27.47294	107.12748	36.71
27.49122	107.1316	36.71
22.92488	106.71216	36.7
34.36328	107.23676	36.7
28.44703	107.44207	36.69
31.41108	120.98397	36.65
45.76441	126.59506	36.64
26.44353	117.10283	36.6
26.23353	117.22342	36.6
27.00041	106.76184	36.59
35.91408	112.85077	36.5
28.23381	112.94421	36.5
31.74364	104.70261	36.47
30.10237	119.95928	36.42
29.89193	106.6278	36.42
37.39328	112.57303	36.42
29.89334	106.6278	36.42
26.89758	106.57796	36.41
27.71484	107.83312	36.4
27.7374	107.41873	36.34
27.83333	113.05	36.31
27.09336	104.9571	36.3
30.46606	119.60999	36.3
30.72155	115.90944	36.25
28.01667	112.98333	36.25
30.19855	103.87141	36.2
37.43929	112.50891	36.18
28.59696	121.49238	36.17
31.4228	118.37621	36.13
18.29605	109.52367	36.12
26.65283	107.79286	36.1
30.71756	106.12397	36.1
37.58336	112.50102	36.05
29.7143	107.3882	36.05
28.33204	117.21012	36
31.3106	118.45878	36
39.10715	117.35968	36
30.07266	103.10923	36
34.90997	114.15696	36
31.19364	108.47908	36
43.88404	125.25492	36
29.48683	106.48214	35.96
27.67654	117.96633	35.95
26.74469	105.80743	35.94
30.18802	121.13524	35.92
28.40333	107.3649	35.92
35.27267	113.3099	35.9
30.94861	117.75306	35.9
29.21571	112.51231	35.88
29.21571	112.51231	35.88
28.58113	112.46076	35.87
29.31035	106.26444	35.85
33.46328	114.42344	35.81
37.59295	112.47896	35.8
27.70724	102.93742	35.75
28.68456	121.35493	35.72
31.87513	117.24337	35.68
40.37061	113.87461	35.68
30.79486	106.36309	35.6
27.43029	105.25919	35.6
22.71507	114.31014	35.6
40.6848	109.83698	35.6
32.00458	120.89334	35.54
37.33434	121.32966	35.5
22.66471	113.88005	35.5
28.48733	121.48414	35.49
37.70291	112.49115	35.47
45.75986	126.5943	35.46
31.88273	117.2365	35.42
27.96772	120.73386	35.4
43.86424	125.32338	35.4
29.70953	107.38545	35.34
30.46761	120.13462	35.33
31.08352	109.87935	35.29
44.02361	125.31639	35.22
45.74836	126.59406	35.21
25.15772	117.02318	35.2
45.75576	126.61393	35.14
22.42119	113.72182	35.1
37.41373	112.6259	35.08